WorkRaveStats 4
D 15 7 110 15 56 16 7 110 0 29
B 0 7 0 0 0 0 0 0 0 
B 1 7 17 4 4 2 5 11 2058 
B 2 7 0 0 0 0 0 0 0 
m 6 14826 1080183 826070 1174 12727 13925 
D 16 7 110 8 57 17 7 110 0 55
B 0 7 0 0 0 0 0 0 0 
B 1 7 9 2 6 1 4 7 395 
B 2 7 0 0 0 0 0 0 0 
m 6 3235 858469 619994 941 3662 6290 
D 17 7 110 8 22 17 7 110 22 18
B 0 7 0 0 0 0 0 0 0 
B 1 7 10 5 5 1 2 8 842 
B 2 7 0 0 0 0 0 0 0 
m 6 14474 1205814 801204 1240 3038 16786 
D 18 7 110 10 18 19 7 110 1 30
B 0 7 0 0 0 0 0 0 0 
B 1 7 29 9 4 5 6 20 2904 
B 2 7 1 0 0 1 0 1 3851 
m 6 25451 2236666 1433002 1950 14073 31640 
D 19 7 110 8 37 19 7 110 22 16
B 0 7 0 0 0 0 0 0 0 
B 1 7 10 5 10 3 2 9 673 
B 2 7 0 0 0 0 0 0 0 
m 6 15031 1103374 728944 635 8154 23153 
D 20 7 110 8 36 21 7 110 2 35
B 0 7 0 0 0 0 0 0 0 
B 1 7 31 6 9 6 13 25 3518 
B 2 7 1 0 0 1 0 1 5179 
m 6 26779 1215598 913046 1234 13359 40128 
D 21 7 110 9 17 21 7 110 23 16
B 0 7 0 0 0 0 0 0 0 
B 1 7 10 3 10 4 3 10 652 
B 2 7 0 0 0 0 0 0 0 
m 6 14461 970462 779135 1111 9692 12280 
D 22 7 110 10 8 23 7 110 0 38
B 0 7 0 0 0 0 0 0 0 
B 1 7 8 3 8 2 0 5 619 
B 2 7 0 0 0 0 0 0 0 
m 6 13145 678303 476605 730 9097 16356 
D 23 7 110 0 53 23 7 110 23 41
B 0 7 0 0 0 0 0 0 0 
B 1 7 8 5 9 0 2 7 636 
B 2 7 0 0 0 0 0 0 0 
m 6 13096 866497 494448 822 6020 22021 
D 24 7 110 10 13 24 7 110 21 18
B 0 7 0 0 0 0 0 0 0 
B 1 7 0 0 7 0 0 0 0 
B 2 7 0 0 0 0 0 0 0 
m 6 2592 153666 90446 142 823 4749 
D 25 7 110 8 20 26 7 110 0 25
B 0 7 0 0 0 0 0 0 0 
B 1 7 17 4 5 3 8 15 977 
B 2 7 0 0 0 0 0 0 0 
m 6 12177 1293964 866555 27 6099 24745 
D 26 7 110 9 5 27 7 110 0 47
B 0 7 0 0 0 0 0 0 0 
B 1 7 10 4 13 1 2 6 1175 
B 2 7 0 0 0 0 0 0 0 
m 6 14642 692043 482266 849 3395 21816 
D 27 7 110 7 41 28 7 110 1 3
B 0 7 0 0 0 0 0 0 0 
B 1 7 9 5 9 1 1 5 923 
B 2 7 0 0 0 0 0 0 0 
m 6 12203 549845 408985 685 3849 23638 
D 28 7 110 10 16 28 7 110 23 18
B 0 7 0 0 0 0 0 0 0 
B 1 7 8 4 10 1 0 6 456 
B 2 7 0 0 0 0 0 0 0 
m 6 15701 758751 556702 443 11248 21741 
D 29 7 110 10 18 29 7 110 22 42
B 0 7 0 0 0 0 0 0 0 
B 1 7 4 3 14 1 0 4 49 
B 2 7 0 0 0 0 0 0 0 
m 6 12252 1330902 541329 897 8998 17771 
D 30 7 110 8 40 30 7 110 22 0
B 0 7 0 0 0 0 0 0 0 
B 1 7 12 4 4 0 2 6 1477 
B 2 7 0 0 0 0 0 0 0 
m 6 11345 644172 445892 742 5562 18161 
D 31 7 110 8 20 1 8 110 0 14
B 0 7 0 0 0 0 0 0 0 
B 1 7 14 6 11 4 1 11 827 
B 2 7 1 0 0 0 0 1 430 
m 6 22030 1315655 836447 1305 9075 36126 
D 5 8 110 23 12 6 8 110 3 46
B 0 7 3 0 7 2 0 2 172 
B 1 7 1 0 2 1 0 1 25 
B 2 7 0 0 0 0 0 0 0 
m 6 3832 125556 89932 4 978 6883 
D 6 8 110 4 12 7 8 110 1 55
B 0 7 0 0 0 0 0 0 0 
B 1 7 4 0 21 3 0 3 213 
B 2 7 0 0 0 0 0 0 0 
m 6 5228 594381 365909 262 1513 14014 
D 7 8 110 11 5 8 8 110 3 1
B 0 7 0 0 0 0 0 0 0 
B 1 7 4 0 17 4 0 4 41 
B 2 7 0 0 0 0 0 0 0 
m 6 10462 724168 553454 33 3327 10661 
D 8 8 110 12 44 9 8 110 2 17
B 0 7 0 0 0 0 0 0 0 
B 1 7 2 1 19 1 0 2 10 
B 2 7 0 0 0 0 0 0 0 
m 6 10094 523994 309373 451 3551 16705 
D 9 8 110 12 59 9 8 110 22 29
B 0 7 0 0 0 0 0 0 0 
B 1 7 7 0 15 4 0 4 607 
B 2 7 0 0 0 0 0 0 0 
m 6 12451 656617 505359 821 5712 12434 
D 10 8 110 6 17 11 8 110 0 47
B 0 7 0 0 0 0 0 0 0 
B 1 7 6 1 26 2 0 3 555 
B 2 7 0 0 0 0 0 0 0 
m 6 10607 408844 344677 593 5278 10593 
D 11 8 110 13 13 12 8 110 0 13
B 0 7 0 0 0 0 0 0 0 
B 1 7 3 1 21 3 0 3 56 
B 2 7 0 0 0 0 0 0 0 
m 6 9746 587942 292082 592 4378 10892 
D 12 8 110 10 53 13 8 110 3 59
B 0 7 0 0 0 0 0 0 0 
B 1 7 8 1 7 6 0 7 245 
B 2 7 0 0 0 0 0 0 0 
m 6 13345 751130 544514 526 6624 10399 
D 13 8 110 4 0 14 8 110 3 58
B 0 7 0 0 0 0 0 0 0 
B 1 7 16 8 8 3 3 13 59 
B 2 7 0 0 0 0 0 0 0 
m 6 11320 1167598 884942 1551 9246 30112 
D 14 8 110 4 1 14 8 110 21 25
B 0 7 0 0 0 0 0 0 0 
B 1 7 17 1 7 4 8 13 2330 
B 2 7 0 0 0 0 0 0 0 
m 6 13990 905269 563700 323 8273 14937 
D 14 9 110 10 32 14 9 110 20 48
B 0 7 0 0 0 0 0 0 0 
B 1 7 11 0 5 6 1 7 956 
B 2 7 0 0 0 0 0 0 0 
m 6 13670 1045865 604976 1466 12713 14487 
D 15 9 110 7 46 15 9 110 21 38
B 0 7 0 0 0 0 0 0 0 
B 1 7 17 5 6 7 2 14 1045 
B 2 7 0 0 0 0 0 0 0 
m 6 20938 1935120 1068860 2134 17870 16439 
D 16 9 110 9 2 16 9 110 23 36
B 0 7 0 0 0 0 0 0 0 
B 1 7 6 2 14 2 1 5 0 
B 2 7 0 0 0 0 0 0 0 
m 6 2609 1137701 575713 1124 14955 19758 
D 17 9 110 8 30 18 9 110 0 16
B 0 7 0 0 0 0 0 0 0 
B 1 7 14 5 8 2 5 12 968 
B 2 7 0 0 0 0 0 0 0 
m 6 13002 1164838 794278 1348 15701 20203 
D 18 9 110 9 14 18 9 110 14 22
B 0 7 0 0 0 0 0 0 0 
B 1 7 3 0 4 1 1 2 401 
B 2 7 0 0 0 0 0 0 0 
m 6 5548 201077 159991 310 2261 10565 
D 20 11 110 15 15 20 11 110 18 57
B 0 7 0 0 0 0 0 0 0 
B 1 7 5 2 2 1 0 3 377 
B 2 7 0 0 0 0 0 0 0 
m 6 6522 435506 310836 654 2218 5547 
D 21 11 110 12 2 21 11 110 18 34
B 0 7 0 0 0 0 0 0 0 
B 1 7 0 0 12 0 0 0 0 
B 2 7 0 0 0 0 0 0 0 
m 6 2231 146082 67990 217 520 1679 
D 12 0 111 11 48 13 0 111 2 7
B 0 7 0 0 0 0 0 0 0 
B 1 7 6 4 18 0 1 5 415 
B 2 7 0 0 0 0 0 0 0 
m 6 12476 1118387 492253 185 5304 7227 
D 13 0 111 10 51 14 0 111 0 57
B 0 7 0 0 0 0 0 0 0 
B 1 7 8 7 8 1 0 7 168 
B 2 7 0 0 0 0 0 0 0 
m 6 16984 882813 465320 1431 8211 19889 
D 14 0 111 10 39 14 0 111 22 9
B 0 7 0 0 0 0 0 0 0 
B 1 7 19 5 9 2 5 12 2217 
B 2 7 0 0 0 0 0 0 0 
m 6 19078 1582559 891580 2506 29182 16327 
D 15 0 111 12 14 16 0 111 1 16
B 0 7 0 0 0 0 0 0 0 
B 1 7 4 2 9 1 1 4 216 
B 2 7 0 0 0 0 0 0 0 
m 6 7832 328685 216680 692 4035 4202 
D 16 0 111 11 48 17 0 111 3 10
B 0 7 0 0 0 0 0 0 0 
B 1 7 17 3 11 5 3 11 1746 
B 2 7 1 1 0 0 0 1 12 
m 6 21612 1362709 993519 2292 25017 15187 
D 17 0 111 10 56 18 0 111 1 35
B 0 7 0 0 0 0 0 0 0 
B 1 7 12 5 10 1 3 9 1395 
B 2 7 0 0 0 0 0 0 0 
m 6 16506 620774 430433 918 5243 23058 
D 18 0 111 8 27 19 0 111 1 32
B 0 7 0 0 0 0 0 0 0 
B 1 7 20 6 10 3 1 10 2096 
B 2 7 1 0 0 1 0 1 2667 
m 6 24267 1264394 754078 2194 14604 31813 
D 19 0 111 9 36 20 0 111 1 3
B 0 7 0 0 0 0 0 0 0 
B 1 7 3 1 11 0 0 1 0 
B 2 7 0 0 0 0 0 0 0 
m 6 763 562744 292906 920 8545 11722 
D 20 0 111 13 22 21 0 111 3 30
B 0 7 0 0 0 0 0 0 0 
B 1 7 5 4 14 1 0 5 65 
B 2 7 0 0 0 0 0 0 0 
m 6 11135 838219 516561 1157 5522 7375 
D 21 0 111 4 16 22 0 111 0 23
B 0 7 0 0 0 0 0 0 0 
B 1 7 7 5 12 1 1 7 196 
B 2 7 0 0 0 0 0 0 0 
m 6 13626 1001213 629481 1553 3404 9154 
D 22 0 111 0 32 23 0 111 2 5
B 0 7 0 0 0 0 0 0 0 
B 1 7 12 3 12 1 3 8 1433 
B 2 7 0 0 0 0 0 0 0 
m 6 11895 1415098 818331 2297 12575 20792 
D 23 0 111 11 18 24 0 111 3 16
B 0 7 0 0 0 0 0 0 0 
B 1 7 16 3 9 8 1 12 1019 
B 2 7 0 0 0 0 0 0 0 
m 6 20912 2586658 938678 2510 5439 20937 
D 24 0 111 10 9 25 0 111 3 48
B 0 7 0 0 0 0 0 0 0 
B 1 7 20 9 9 2 5 14 2168 
B 2 7 0 0 0 0 0 0 0 
m 6 19872 1053347 711352 1725 28823 23292 
D 25 0 111 11 2 25 0 111 20 14
B 0 7 0 0 0 0 0 0 0 
B 1 7 3 1 11 1 0 2 194 
B 2 7 0 0 0 0 0 0 0 
m 6 8326 701251 335887 1001 1831 8103 
D 26 0 111 15 7 26 0 111 18 18
B 0 7 0 0 0 0 0 0 0 
B 1 7 2 0 6 2 0 2 24 
B 2 7 0 0 0 0 0 0 0 
m 6 4380 368591 164749 588 1364 3963 
